square: big square
0.98 1.18417 0.913182 0.834531 0.933333 0.909327 0.8575 0.966389 0.938171 1.06522 0.929559 0.870625 1.05029 0.915038 0.9
73099 0.876842 0.976975 0.964331 0.940962 0.977448 0.943614 0.901415 0.942477 0.927198 0.906095 0.969306 0.943531 0.9727
94 0.948723 0.93637 0.949172 0.969006 0.913804 0.965241 0.942032 0.950071 0.972555 0.934556 0.981924 0.975 0.915398 0.99
8434 0.921363 0.947674 0.914593 0.935011 0.970985 0.992977 0.987116 0.942652 0.948277 0.940762 0.946676 0.949605 0.97864
4 0.957808 0.946868 0.968007 0.933273 0.970481 0.951105 0.943971 0.962669 0.939684 0.938785 0.954072 0.925227 0.942448 0
.933299 0.913793 0.964993 0.936299 0.954211 0.943852 0.947642 0.938298 0.961995 0.977778 0.927052 0.949066 0.955867 0.94
1379 0.941849 0.92405 0.95003 0.94463 0.978863 0.947689 0.938889 0.94292 0.961258 0.947226 0.921274 0.907972 0.926683 0.
960441 0.938742 0.935638 0.947816 0.93752 0.948458 0.971527 0.934452 0.948425 0.940969 0.919914 0.925556 0.955774 0.9704
9 0.95734 0.955544 0.93946 0.944189 0.933684 0.966699 0.953841 0.954699 0.935892 0.946007 0.954719 0.956356 0.942805 0.9
41105 0.926307 0.941534 0.944385 0.956121 0.956309 0.970062 0.937334 0.935403 0.946387 0.929221 0.963262 0.940566 0.9544
49 0.925855 0.938393 0.964045 0.961343 0.946098 0.936448 0.939684 0.966826 0.965218 0.941191 0.95922 0.953536 0.973387 0
.944859 0.923236 0.950023 0.957464 0.954093 0.958233 0.96011 0.95161 0.958181 0.948717 0.936602 0.936108 0.951123 0.9348
37 0.94382 0.942698 0.949153 0.952581 0.966373 0.946498 0.938732 0.915943 0.949089 0.938598 0.934169 0.932181 0.939167 0
.944265 0.962164 0.940404 0.934746 0.95444 0.959042 0.958889 0.951648 0.952201 0.938461 0.955263 0.951993 0.954745 0.958
504 0.962482 0.940277 0.953231 0.9275 0.928275 0.931176 0.947283 0.931671 0.947366 0.922317
square: small square
0.9604 0.983267 0.963964 0.95795 0.941733 0.941554 0.974942 0.9555 0.921678 0.923757 0.961169 0.9429 0.948833 0.955648 0
.953223 0.961432 0.9408 0.936698 0.953508 0.945292 0.948756 0.934143 0.928086 0.940462 0.941448 0.958067 0.939453 0.9325
85 0.939132 0.945096 0.930026 0.964295 0.946035 0.950128 0.957191 0.949709 0.959209 0.933002 0.939671 0.9524 0.931536 0.
943274 0.942472 0.955681 0.940977 0.934729 0.93783 0.933492 0.944216 0.949325 0.935802 0.945777 0.943579 0.942789 0.9357
37 0.948896 0.937661 0.936483 0.947535 0.944177 0.943014 0.947141 0.95019 0.934535 0.939274 0.938034 0.942932 0.935258 0
.94034 0.951393 0.952526 0.945535 0.94737 0.941657 0.949517 0.957168 0.944555 0.946995 0.941803 0.953223 0.947838 0.9472
21 0.941849 0.940517 0.950856 0.941398 0.944756 0.953612 0.947244 0.946733 0.941669 0.941488 0.943776 0.945679 0.944337
0.942653 0.943897 0.942695 0.943634 0.93918 0.951246 0.937624 0.938384 0.944598 0.944524 0.946129 0.945672 0.949978 0.94
0981 0.955482 0.944037 0.944043 0.939961 0.943432 0.941864 0.945462 0.949369 0.939663 0.946239 0.943924 0.944159 0.94400
2 0.940575 0.941659 0.937959 0.945559 0.942726 0.947981 0.945264 0.941467 0.944834 0.940949 0.944418 0.947186 0.951783 0
.940452 0.93939 0.947 0.945083 0.941307 0.94793 0.943993 0.94579 0.948574 0.948901 0.944904 0.947208 0.938909 0.954475 0
.946843 0.946098 0.946219 0.943582 0.947581 0.941105 0.946028 0.943059 0.94257 0.94977 0.946094 0.940824 0.945445 0.9425
4 0.945796 0.940203 0.943647 0.943795 0.941761 0.945531 0.940545 0.942827 0.946914 0.945307 0.942927 0.944423 0.941561 0
.94783 0.951286 0.942758 0.940866 0.94278 0.939783 0.94904 0.944908 0.945248 0.939255 0.941726 0.940612 0.944487 0.94384
6 0.946921 0.94365 0.943676 0.942748 0.944655 0.947307 0.947713 0.94402 0.951243 0.946566